line1:
41.6440697000000	113.108368000000
41.6255760000000	113.259567000000
41.5713692000000	113.336891000000
41.5461006000000	113.445030000000
41.4806824000000	113.590286000000
41.4439278000000	113.669701000000
41.4017372000000	113.771042000000
41.3595543000000	113.858673000000
41.3305206000000	113.959984000000
41.3027954000000	114.072212000000
41.2610664000000	114.156357000000
41.2172852000000	114.294167000000
41.1513329000000	114.421654000000
41.1459007000000	114.518135000000
41.0632515000000	114.693886000000
41.0200653000000	114.820312000000
40.9289398000000	114.942818000000
40.8987579000000	115.112747000000
40.8229561000000	115.194756000000
40.7656403000000	115.333359000000
40.7169113000000	115.454430000000
40.6282959000000	115.617531000000
40.5666656000000	115.748535000000
40.5126762000000	115.889000000000
40.4635277000000	116.012245000000
40.4171448000000	116.081970000000
40.3890648000000	116.232307000000
40.3624840000000	116.306351000000
40.2693062000000	116.424072000000
40.2530594000000	116.564766000000
40.1773682000000	116.703651000000
40.1297455000000	116.792610000000
40.0801125000000	116.913551000000
40.0511284000000	117.012207000000
40.0061531000000	117.138634000000
39.9311066000000	117.236176000000
39.8794479000000	117.341194000000
39.8362541000000	117.448433000000
39.7975655000000	117.581764000000
39.7415504000000	117.690742000000
39.6746178000000	117.804306000000
39.6282883000000	117.896492000000
39.6008835000000	117.957047000000
39.5376892000000	118.049004000000
39.5146255000000	118.170059000000
39.4594307000000	118.308388000000
39.4050713000000	118.415649000000
39.3540764000000	118.525253000000
39.2495499000000	118.735474000000
line2:
39.8756828000000	111.430000000000
39.7791595000000	111.643700000000
39.7006149000000	111.733665000000
39.6559334000000	111.838142000000
39.5806236000000	112.072525000000
39.5079651000000	112.212906000000
39.4264336000000	112.324425000000
39.2961235000000	112.601631000000
39.2397041000000	112.729713000000
39.1935158000000	112.833191000000
39.1379280000000	112.986656000000
39.0783272000000	113.080894000000
39.0104332000000	113.243080000000
38.9231796000000	113.389893000000
38.8569756000000	113.535851000000
38.7866478000000	113.693443000000
38.7121506000000	113.811134000000
38.6295547000000	113.956413000000
38.5856705000000	114.079491000000
38.5127220000000	114.226814000000
38.4493065000000	114.372742000000
38.3715286000000	114.524292000000
38.3030090000000	114.696548000000
38.2247238000000	114.868484000000
38.1428528000000	115.019249000000
38.0556679000000	115.207535000000
37.9610443000000	115.385567000000
37.8838310000000	115.566963000000
37.8035316000000	115.711464000000
37.7181816000000	115.848846000000
37.6775017000000	115.982864000000
37.6115532000000	116.102150000000
37.5368843000000	116.256126000000
37.4654007000000	116.414230000000
37.3869514000000	116.562866000000
line3:
37.6666985000000	117.833298000000
37.7167015000000	117.766701000000
37.9333000000000	117.391701000000
37.9749985000000	117.341698000000
38.0167007000000	117.233299000000
38.0833015000000	117.116699000000
38.2167015000000	116.849998000000
38.2832985000000	116.766701000000
38.3333015000000	116.666702000000
38.4000015000000	116.566704000000
38.4667015000000	116.425003000000
38.5000000000000	116.375000000000
38.6749992000000	115.983299000000
38.7667007000000	115.824997000000
38.8210983000000	115.721802000000
38.8877983000000	115.599899000000
38.9723015000000	115.460197000000
39.0236015000000	115.322197000000
39.0805016000000	115.236702000000
39.1351013000000	115.120300000000
39.1800995000000	115.048599000000
39.2453003000000	114.927902000000
39.2851982000000	114.865601000000
39.3254013000000	114.753799000000
39.3731003000000	114.645302000000
39.4548988000000	114.565498000000
39.5028992000000	114.422600000000
39.5382004000000	114.362503000000
39.5617981000000	114.253700000000
39.6390991000000	114.193298000000
39.6744995000000	114.046600000000
39.7462006000000	113.966904000000
39.7597008000000	113.846802000000
39.8101997000000	113.771400000000
39.8459015000000	113.642097000000
39.9178009000000	113.603500000000
39.9528999000000	113.494499000000
line4:
39.8061981000000	113.219002000000
39.8139000000000	113.022003000000
39.7958984000000	112.886002000000
39.7924995000000	112.744003000000
39.7850990000000	112.625999000000
39.8064003000000	112.485001000000
39.7664986000000	112.380997000000
39.7788010000000	112.250000000000
39.7599983000000	112.129997000000
39.7358017000000	112.007004000000
39.7599983000000	111.889999000000
39.7599983000000	111.750000000000
39.7500000000000	111.650002000000
39.7500000000000	111.550003000000
39.7400017000000	111.430000000000
39.7400017000000	111.279999000000
39.7200012000000	111.180000000000
39.7200012000000	111.059998000000
39.7200012000000	110.949997000000
39.7000008000000	110.839996000000
39.6899986000000	110.720001000000
39.7000008000000	110.620003000000
39.6800003000000	110.489998000000
39.6899986000000	110.349998000000
39.6800003000000	110.250000000000
39.6699982000000	110.129997000000
39.6699982000000	110.010002000000
39.6800003000000	109.879997000000
39.6699982000000	109.769997000000
39.6500015000000	109.620003000000
39.6500015000000	109.540001000000
39.6500015000000	109.419998000000
39.6399994000000	109.300003000000
39.6199989000000	109.199997000000
39.6199989000000	109.070000000000
39.6199989000000	108.959999000000
39.6199989000000	108.839996000000
39.6100006000000	108.709999000000
39.6199989000000	108.599998000000
39.5999985000000	108.480003000000
39.5999985000000	108.370003000000
39.5900002000000	108.230003000000
39.5900002000000	108.120003000000
39.5800018000000	108.010002000000
39.5800018000000	107.889999000000
39.5600014000000	107.790001000000
39.5600014000000	107.660004000000
39.5699997000000	107.540001000000
39.5499992000000	107.440002000000
39.5699997000000	107.279999000000
