STATIONS: 50
S0001 AA 41070.979500 100000.000000 0.000000 0.000000
S0002 AA 57925.459500 100000.000000 0.000000 0.000000
S0003 AA 69629.934500 100000.000000 0.000000 0.000000
S0004 AA 81805.119500 100000.000000 0.000000 0.000000
S0005 AA 91938.553500 100000.000000 0.000000 0.000000
S0006 AA 103939.631500 100000.000000 0.000000 0.000000
S0007 AA 112993.976500 100000.000000 0.000000 0.000000
S0008 AA 124168.062500 100000.000000 0.000000 0.000000
S0009 AA 134521.575500 100000.000000 0.000000 0.000000
S0010 AA 145158.639500 100000.000000 0.000000 0.000000
S0011 AA 155078.609500 100000.000000 0.000000 0.000000
S0012 AA 167068.569500 100000.000000 0.000000 0.000000
S0013 AA 175678.429500 100000.000000 0.000000 0.000000
S0014 AA 184242.479500 100000.000000 0.000000 0.000000
S0015 AA 194568.049500 100000.000000 0.000000 0.000000
S0016 AA 207414.079500 100000.000000 0.000000 0.000000
S0017 AA 216081.619500 100000.000000 0.000000 0.000000
S0018 AA 226359.859500 100000.000000 0.000000 0.000000
S0019 AA 235780.669500 100000.000000 0.000000 0.000000
S0020 AA 245313.669500 100000.000000 0.000000 0.000000
S0021 AA 255649.789500 100000.000000 0.000000 0.000000
S0022 AA 264156.589500 100000.000000 0.000000 0.000000
S0023 AA 275412.039500 100000.000000 0.000000 0.000000
S0024 AA 287341.799500 100000.000000 0.000000 0.000000
S0025 AA 295969.429500 100000.000000 0.000000 0.000000
S0026 AA 306312.489500 100000.000000 0.000000 0.000000
S0027 AA 316590.379500 100000.000000 0.000000 0.000000
S0028 AA 327656.429500 100000.000000 0.000000 0.000000
S0029 AA 337145.129500 100000.000000 0.000000 0.000000
S0030 AA 350132.509500 100000.000000 0.000000 0.000000
S0031 AA 356984.769500 100000.000000 0.000000 0.000000
S0032 AA 367262.559500 100000.000000 0.000000 0.000000
S0033 AA 377614.439500 100000.000000 0.000000 0.000000
S0034 AA 386333.059500 100000.000000 0.000000 0.000000
S0035 AA 397469.399500 100000.000000 0.000000 0.000000
S0036 AA 406892.049500 100000.000000 0.000000 0.000000
S0037 AA 417170.829500 100000.000000 0.000000 0.000000
S0038 AA 428387.639500 100000.000000 0.000000 0.000000
S0039 AA 437725.669500 100000.000000 0.000000 0.000000
S0040 AA 448172.929500 100000.000000 0.000000 0.000000
S0041 AA 457595.219500 100000.000000 0.000000 0.000000
S0042 AA 469674.979500 100000.000000 0.000000 0.000000
S0043 AA 479097.399500 100000.000000 0.000000 0.000000
S0044 AA 488610.679500 100000.000000 0.000000 0.000000
S0045 AA 498890.159500 100000.000000 0.000000 0.000000
S0046 AA 507643.749500 100000.000000 0.000000 0.000000
S0047 AA 518781.339500 100000.000000 0.000000 0.000000
S0048 AA 528964.829500 100000.000000 0.000000 0.000000
S0049 AA 537726.819500 100000.000000 0.000000 0.000000
S0050 AA 551234.009500 100000.000000 0.000000 0.000000

SOURCES: 50
   4.1070979e+04   9.9000000e+04
   5.7925459e+04   9.9000000e+04
   6.9629934e+04   9.9000000e+04
   8.1805119e+04   9.9000000e+04
   9.1938553e+04   9.9000000e+04
   1.0393963e+05   9.9000000e+04
   1.1299398e+05   9.9000000e+04
   1.2416806e+05   9.9000000e+04
   1.3452158e+05   9.9000000e+04
   1.4515864e+05   9.9000000e+04
   1.5507861e+05   9.9000000e+04
   1.6706857e+05   9.9000000e+04
   1.7567843e+05   9.9000000e+04
   1.8424248e+05   9.9000000e+04
   1.9456805e+05   9.9000000e+04
   2.0741408e+05   9.9000000e+04
   2.1608162e+05   9.9000000e+04
   2.2635986e+05   9.9000000e+04
   2.3578067e+05   9.9000000e+04
   2.4531367e+05   9.9000000e+04
   2.5564979e+05   9.9000000e+04
   2.6415659e+05   9.9000000e+04
   2.7541204e+05   9.9000000e+04
   2.8734180e+05   9.9000000e+04
   2.9596943e+05   9.9000000e+04
   3.0631249e+05   9.9000000e+04
   3.1659038e+05   9.9000000e+04
   3.2765643e+05   9.9000000e+04
   3.3714513e+05   9.9000000e+04
   3.5013251e+05   9.9000000e+04
   3.5698477e+05   9.9000000e+04
   3.6726256e+05   9.9000000e+04
   3.7761444e+05   9.9000000e+04
   3.8633306e+05   9.9000000e+04
   3.9746940e+05   9.9000000e+04
   4.0689205e+05   9.9000000e+04
   4.1717083e+05   9.9000000e+04
   4.2838764e+05   9.9000000e+04
   4.3772567e+05   9.9000000e+04
   4.4817293e+05   9.9000000e+04
   4.5759522e+05   9.9000000e+04
   4.6967498e+05   9.9000000e+04
   4.7909740e+05   9.9000000e+04
   4.8861068e+05   9.9000000e+04
   4.9889016e+05   9.9000000e+04
   5.0764375e+05   9.9000000e+04
   5.1878134e+05   9.9000000e+04
   5.2896483e+05   9.9000000e+04
   5.3772682e+05   9.9000000e+04
   5.5123401e+05   9.9000000e+04
   
  球座標: 
  LATITUTE:LONTITUTE
  1.1321861e+02    3.9814859e+01   (最右邊)
  -6.6371841e+02  -2.4223828e+01   (最左邊)
  
  笛卡爾座標: 
       X                Y
  -1.5251127e+02  -2.2005980e+01   (最右邊)
  -2.5493886e+02  -1.2995782e+01  (最左邊)
  
  模型範圍: 不是取左右station的差,而是由cheng,2013提供的模型獲得
   (NX=100,NZ=50)
  左右擴展:(各10個element)
  
總長度: 593978.634000m (模型是由右邊網左邊,一定要注意,即: 154XW --- 200DZ


NOTES:
1,对初始模型平滑,xsmooth=12km,zsmooth=4km比较合适. 能保存原来模型大概的异常体.


