   41.6440697       113.108368       184.442535      -157.596893    
   41.6255760       113.259567       182.121719      -145.041046    
   41.5713692       113.336891       175.969986      -138.713028    
   41.5461006       113.445030       172.993500      -129.743851    
   41.4806824       113.590286       165.514984      -117.742149    
   41.4439278       113.669701       161.325043      -111.171921    
   41.4017372       113.771042       156.510849      -102.769249    
   41.3595543       113.858673       151.722473      -95.5028381    
   41.3305206       113.959984       148.389114      -87.0640030    
   41.3027954       114.072212       145.201248      -77.7017212    
   41.2610664       114.156357       140.491730      -70.6996078    
   41.2172852       114.294167       135.523071      -59.1901817    
   41.1513329       114.421654       128.114471      -48.5479240    
   41.1459007       114.518135       127.461456      -40.4523277    
   41.0632515       114.693886       118.209473      -25.7303562    
   41.0200653       114.820312       113.380386      -15.1134605    
   40.9289398       114.942818       103.239182      -4.81620789    
   40.8987579       115.112747       99.8894730       9.50050640    
   40.8229561       115.194756       91.4773788       16.4295654    
   40.7656403       115.333359       85.1427994       28.1463394    
   40.7169113       115.454430       79.7731781       38.3967018    
   40.6282959       115.617531       70.0089264       52.2470093    
   40.5666656       115.748535       63.2456055       63.3890877    
   40.5126762       115.889000       57.3559456       75.3448257    
   40.4635277       116.012245       52.0062790       85.8529282    
   40.4171448       116.081970       46.9215240       91.8298111    
   40.3890648       116.232307       43.9678383       104.633133    
   40.3624840       116.306351       41.1039238       110.963814    
   40.2693062       116.424072       30.9024334       121.130035    
   40.2530594       116.564766       29.2985477       133.129608    
   40.1773682       116.703651       21.1038361       145.107880    
   40.1297455       116.792610       15.9600544       152.792068    
   40.0801125       116.913551       10.6585350       163.219666    
   40.0511284       117.012207       7.62275267       171.708054    
   40.0061531       117.138634       2.87541342       182.617233    
   39.9311066       117.236176      -5.26145697       191.156082    
   39.8794479       117.341194      -10.7730684       200.284790    
   39.8362541       117.448433      -15.3281689       209.591293    
   39.7975655       117.581764      -19.3074284       221.130142    
   39.7415504       117.690742      -25.2587795       230.652481    
   39.6746178       117.804306      -32.4002686       240.621277    
   39.6282883       117.896492      -37.2988472       248.698563    
   39.6008835       117.957047      -40.1756668       253.998993    
   39.5376892       118.049004      -46.9364624       262.137299    
   39.5146255       118.170059      -49.1403923       272.637268    
   39.4594307       118.308388      -54.8479385       284.761902    
   39.4050713       118.415649      -60.5464821       294.225159    
   39.3540764       118.525253      -65.8523483       303.890198    
   39.2495499       118.735474      -76.7445145       322.497009    
   39.8756828       111.430000      -7.71081352      -305.443817    
   39.7791595       111.643700      -19.1507988      -287.558807    
   39.7006149       111.733665      -28.1678562      -280.167480    
   39.6559334       111.838142      -33.4564629      -271.379364    
   39.5806236       112.072525      -42.5110321      -251.531830    
   39.5079651       112.212906      -50.9713898      -239.718399    
   39.4264336       112.324425      -60.3254585      -230.394211    
   39.2961235       112.601631      -75.4817352      -206.905365    
   39.2397041       112.729713      -82.0381775      -196.011856    
   39.1935158       112.833191      -87.3910141      -187.199615    
   39.1379280       112.986656      -93.8753281      -174.076996    
   39.0783272       113.080894      -100.676407      -166.068222    
   39.0104332       113.243080      -108.506462      -152.178314    
   38.9231796       113.389893      -118.439461      -139.632431    
   38.8569756       113.535851      -126.010986      -127.091934    
   38.7866478       113.693443      -134.034851      -113.523575    
   38.7121506       113.811134      -142.453995      -103.404762    
   38.6295547       113.956413      -151.787582      -90.8727798    
   38.5856705       114.079491      -156.779480      -80.2041473    
   38.5127220       114.226814      -165.005112      -67.4357376    
   38.4493065       114.372742      -172.149765      -54.7560577    
   38.3715286       114.524292      -180.872833      -41.5710411    
   38.3030090       114.696548      -188.551315      -26.5428867    
   38.2247238       114.868484      -197.286911      -11.5159950    
   38.1428528       115.019249      -206.393646       1.68739891    
   38.0556679       115.207535      -216.062775       18.2145157    
   37.9610443       115.385567      -226.528961       33.8832397    
   37.8838310       115.566963      -235.028625       49.8764267    
   37.8035316       115.711464      -243.865768       62.6563759    
   37.7181816       115.848846      -253.250427       74.8413773    
   37.6775017       115.982864      -257.656006       86.7051620    
   37.6115532       116.102150      -264.868439       97.3144836    
   37.5368843       116.256126      -272.996490       111.021202    
   37.4654007       116.414230      -280.743011       125.114967    
   37.3869514       116.562866      -289.254425       138.409775    
   37.6666985       117.833298      -255.532196       250.003693    
   37.7167015       117.766701      -250.149109       243.962082    
   37.9333000       117.391701      -226.983612       210.274155    
   37.9749985       117.341698      -222.460205       205.760956    
   38.0167007       117.233299      -218.058914       196.123795    
   38.0833015       117.116699      -210.895569       185.714615    
   38.2167015       116.849998      -196.568207       162.017288    
   38.2832985       116.766701      -189.308624       154.580582    
   38.3333015       116.666702      -183.913467       145.730316    
   38.4000015       116.566704      -176.653198       136.860596    
   38.4667015       116.425003      -169.440750       124.367111    
   38.5000000       116.375000      -165.806244       119.947670    
   38.6749992       115.983299      -146.794937       85.5689011    
   38.7667007       115.824997      -136.739319       71.7011642    
   38.8210983       115.721802      -130.769547       62.6846008    
   38.8877983       115.599899      -123.433319       52.0493011    
   38.9723015       115.460197      -114.112411       39.8808784    
   39.0236015       115.322197      -108.462532       27.9015198    
   39.0805016       115.236702      -102.161674       20.4813976    
   39.1351013       115.120300      -96.1135178       10.4013367    
   39.1800995       115.048599      -91.1184235       4.19928408    
   39.2453003       114.927902      -83.8709793      -6.22394896    
   39.2851982       114.865601      -79.4307938      -11.5956564    
   39.3254013       114.753799      -74.9425354      -21.2294521    
   39.3731003       114.645302      -69.6104050      -30.5642471    
   39.4548988       114.565498      -60.4896355      -37.3971863    
   39.5028992       114.422600      -55.0860519      -49.6622658    
   39.5382004       114.362503      -51.1279564      -54.8034821    
   39.5617981       114.253700      -48.4334679      -64.1352539    
   39.6390991       114.193298      -39.7976646      -69.2490845    
   39.6744995       114.046600      -35.7399330      -81.8004379    
   39.7462006       113.966904      -27.6955185      -88.5467148    
   39.7597008       113.846802      -26.0695267      -98.8216095    
   39.8101997       113.771400      -20.3711853      -105.206223    
   39.8459015       113.642097      -16.2432327      -116.218758    
   39.9178009       113.603500      -8.20138454      -119.397469    
   39.9528999       113.494499      -4.14893532      -128.651443    
   39.8061981       113.219002      -20.0203114      -152.519882    
   39.8139000       113.022003      -18.8098316      -169.372559    
   39.7958984       112.886002      -20.5442734      -181.066315    
   39.7924995       112.744003      -20.6250210      -193.239273    
   39.7850990       112.625999      -21.1860580      -203.369812    
   39.8064003       112.485001      -18.4883232      -215.383438    
   39.7664986       112.380997      -22.6679688      -224.421097    
   39.7788010       112.250000      -20.9637432      -235.605713    
   39.7599983       112.129997      -22.7309246      -245.955414    
   39.7358017       112.007004      -25.0754128      -256.587402    
   39.7599983       111.889999      -22.0437088      -266.526489    
   39.7599983       111.750000      -21.6172924      -278.526733    
   39.7500000       111.650002      -22.4126987      -287.140015    
   39.7500000       111.550003      -22.0870056      -295.713104    
   39.7400017       111.430000      -22.7950363      -306.045776    
   39.7400017       111.279999      -22.2711983      -318.908203    
   39.7200012       111.180000      -24.1336212      -327.578033    
   39.7200012       111.059998      -23.6874828      -337.871613    
   39.7200012       110.949997      -23.2663574      -347.307526    
   39.7000008       110.839996      -25.0574169      -356.846893    
   39.6899986       110.720001      -25.6842651      -367.196747    
   39.7000008       110.620003      -24.1570702      -375.724701    
   39.6800003       110.489998      -25.8271236      -386.992920    
   39.6899986       110.349998      -24.1005878      -398.953094    
   39.6800003       110.250000      -24.7617912      -407.595184    
   39.6699982       110.129997      -25.3206100      -417.957550    
   39.6699982       110.010002      -24.7532711      -428.260712    
   39.6800003       109.879997      -23.0105114      -439.360168    
   39.6699982       109.769997      -23.5768166      -448.869354    
   39.6500015       109.620003      -25.0374641      -461.883270    
   39.6500015       109.540001      -24.6214008      -468.755493    
   39.6500015       109.419998      -23.9856987      -479.064087    
   39.6399994       109.300003      -24.4487190      -489.443268    
   39.6199989       109.199997      -26.1215954      -498.179962    
   39.6199989       109.070000      -25.3896770      -509.353302    
   39.6199989       108.959999      -24.7575569      -518.808289    
   39.6199989       108.839996      -24.0545788      -529.123413    
   39.6100006       108.709999      -24.3897038      -540.376221    
   39.6199989       108.599998      -22.6067600      -549.754333    
   39.5999985       108.480003      -24.0873375      -560.232117    
   39.5999985       108.370003      -23.3923206      -569.691833    
   39.5900002       108.230003      -23.6033688      -581.816101    
   39.5900002       108.120003      -22.8816547      -591.278137    
   39.5800018       108.010002      -23.2608719      -600.827515    
   39.5800018       107.889999      -22.4473038      -611.152405    
   39.5600014       107.790001      -23.9846840      -619.935669    
   39.5600014       107.660004      -23.0749626      -631.124756    
   39.5699997       107.540001      -21.1076202      -641.361511    
   39.5499992       107.440002      -22.6112309      -650.156128    
   39.5699997       107.279999      -19.2080574      -663.740173    
